83.47826086956546	3.133333333333325
83.47826086956546	3.1999999999999913
82.75862068965542	3.166666666666658
82.75862068965542	3.1999999999999913
82.75862068965542	3.033333333333325
82.05128205128229	3.166666666666658
84.95575221238963	3.0999999999999917
81.35593220339007	3.166666666666658
80.00000000000023	3.299999999999991
79.75			3.1999999999999913
83.47826086956546	3.1999999999999913
82.75862068965542	3.2333333333333245
79.75			3.1999999999999913
82.75862068965542	3.2666666666666577
84.2105263157897	3.133333333333325
79.75			3.1999999999999913
82.75862068965542	3.166666666666658
81.35593220339007	3.1999999999999913
83.47826086956546	3.2333333333333245
80.67226890756326	3.2666666666666577
80.67226890756326	3.2333333333333245
83.47826086956546	3.1999999999999913
79.75			3.2666666666666577
84.2105263157897	3.166666666666658
79.75			3.299999999999991
84.2105263157897	3.1999999999999913
80.00000000000023	3.2333333333333245
82.05128205128229	3.166666666666658
80.00000000000023	3.2333333333333245
83.47826086956546	3.1999999999999913
85.71428571428596	3.166666666666658
82.75862068965542	3.133333333333325
84.95575221238963	3.1999999999999913
83.47826086956546	3.166666666666658
85.71428571428596	3.0999999999999917
82.05128205128229	3.133333333333325
80.00000000000023	3.1999999999999913
80.00000000000023	3.2333333333333245
82.05128205128229	3.2333333333333245
82.75862068965542	3.2333333333333245
82.05128205128229	3.166666666666658
80.00000000000023	3.1999999999999913
82.05128205128229	3.2333333333333245
80.00000000000023	3.2666666666666577
83.47826086956546	3.0666666666666584
82.75862068965542	3.2333333333333245
80.67226890756326	3.2666666666666577
82.05128205128229	3.1999999999999913
84.2105263157897	3.1999999999999913
83.47826086956546	3.166666666666658
84.95575221238963	3.0999999999999917
81.35593220339007	3.166666666666658
82.05128205128229	3.1999999999999913
81.35593220339007	3.1999999999999913
82.75862068965542	3.2666666666666577
82.05128205128229	3.1999999999999913
82.75862068965542	3.166666666666658
79.75			3.333333333333324
82.75862068965542	3.0999999999999917
85.71428571428596	3.0666666666666584
85.71428571428596	2.999999999999992
82.75862068965542	3.2666666666666577
79.75			3.2333333333333245
81.35593220339007	3.2333333333333245
82.05128205128229	3.2333333333333245
79.75			3.166666666666658
81.35593220339007	3.2333333333333245
83.47826086956546	3.166666666666658
82.75862068965542	3.133333333333325
84.2105263157897	3.166666666666658
83.47826086956546	3.166666666666658
82.75862068965542	3.166666666666658
84.2105263157897	3.0666666666666584
84.95575221238963	3.0666666666666584
83.47826086956546	3.133333333333325
83.47826086956546	3.2333333333333245
81.35593220339007	3.166666666666658
79.75			3.1999999999999913
82.05128205128229	3.2333333333333245
79.75			3.166666666666658
84.2105263157897	3.1999999999999913
83.47826086956546	3.0666666666666584
85.71428571428596	3.133333333333325
80.00000000000023	3.1999999999999913
86.48648648648673	3.033333333333325
84.2105263157897	3.166666666666658
82.05128205128229	3.133333333333325
84.2105263157897	3.133333333333325
83.47826086956546	3.133333333333325
80.67226890756326	3.2666666666666577
84.2105263157897	3.133333333333325
82.75862068965542	3.0999999999999917
84.2105263157897	3.0999999999999917
82.05128205128229	3.1999999999999913
83.47826086956546	3.1999999999999913
82.05128205128229	3.1999999999999913
80.67226890756326	3.2666666666666577
82.05128205128229	3.2666666666666577
83.47826086956546	3.166666666666658
82.75862068965542	3.166666666666658
